222183
100151683
100151684
10081
10084
10137
101447996
10147
10150
10179
10180
10181
10189
101954264
101954266
101954267
101954269
101954271
101954272
101954273
101954275
101954276
101954277
10199
10212
10236
10236
10250
10262
10283
10284
10285
10286
10291
10419
10421
10432
10450
10465
10474
10492
10521
10569
10594
10594
10625
10629
10656
10657
10658
10659
10713
10772
10891
10907
10915
10921
10922
10929
10946
10978
10992
11017
11066
11129
11157
11168
11171
11189
11193
11218
112869
113146
11319
11338
1153
116461
117143
1195
1196
1196
1198
1207
125950
135295
139804
140432
140890
143884
144983
146713
148756
151987
153527
154007
159163
1653
1655
1659
1660
1665
1859
1996
199746
202559
2081
220988
221662
22794
22827
22827
22889
22913
22916
22927
22938
22985
23020
23028
23064
23076
23091
23210
2332
23326
2334
23398
23435
23450
23451
23517
23524
23543
23543
23658
24144
24148
246744
246744
2483
2483
2483
2483
2521
25766
25804
25862
25929
25940
25949
25962
25980
26121
26121
26121
26121
26121
26121
26121
26121
26121
26121
2648
26528
26576
26824
26827
26828
26829
26830
26831
26832
26834
26835
26864
26986
26993
27097
27238
27257
27258
27288
27316
27332
27336
27339
282996
283375
283742
283989
284695
285672
285962
285962
286676
28960
2926
29890
29896
3167
3178
3181
3183
3185
3187
3187
3188
3189
3190
3191
3191
3192
3276
3303
3303
3303
3303
3303
3312
339487
3550
375316
378948
378949
378950
378951
387597
389677
392517
3958
404266
4116
4154
421
4236
4654
4670
4686
4691
4809
4841
4857
4858
4869
4904
4928
494115
50628
51163
51202
51319
51329
51340
51341
51362
51428
51493
51503
51574
51631
51634
51637
51639
51645
51690
51691
51729
51747
51755
51759
5295
5356
53938
54033
5411
5430
5430
54407
54496
54517
54715
54845
54883
54883
54957
54960
55015
55051
55094
5511
55110
55119
55131
55147
5515
5518
55192
55225
55234
55280
55285
55544
55578
55596
55599
55660
55677
55692
55696
55702
55796
55954
56259
56339
56853
56943
56949
56970
57018
57060
57187
5725
57396
57461
57703
57716
57721
57794
57805
57819
57819
57819
57819
57819
57819
58155
58506
58509
58517
59286
5935
5936
5940
5978
6060
60625
6063
6063
6066
60677
60680
6100
6207
6231
6314
64121
6421
6426
6427
6428
6429
6430
6431
6432
6433
6434
64783
64863
6606
6606
6606
6606
6606
6607
6607
6607
6625
6626
6627
6628
6629
6631
6632
6633
6634
6635
6636
6637
6638
6651
6732
6733
676
6830
6880
6880
6881
6883
6936
7009
7072
708
7307
7310
7369
7375
7490
7536
7737
79005
79026
79042
79042
79042
79042
79042
79042
79042
79042
79042
79042
79066
79074
79084
79171
7919
7919
7919
7919
7919
7919
7919
7919
79228
79622
79650
79706
79753
79760
79833
80004
80145
80324
80746
8087
8148
8148
8161
81669
8175
8220
8227
8233
8241
8295
83443
83707
83759
83989
84081
84292
84321
8449
8449
8449
8449
8449
8449
8449
8449
84530
8458
8464
84687
84811
84844
8487
84872
84881
84950
84967
84991
85437
8559
8563
8570
8621
8683
8850
8882
8896
8899
8996
9092
9128
9129
9130
91603
9169
91746
91746
92906
9295
9343
9360
93624
9406
9410
94104
94104
9416
9444
9513
9541
9584
9588
9589
96764
9716
9733
9775
9785
9879
988
9904
9913
9939
9967
9984
9991
