29974
16
57505
26574
23
29777
10449
22985
48
87
81
132612
161931
103
104
105
23536
118
132
2334
3267
26523
27161
192669
192670
10768
79026
57379
9255
8165
10270
26993
8227
4329
5832
226
79868
8846
54890
91801
10189
283
90806
54882
26057
8125
302
310
311
327
328
8539
339
10930
200315
9582
27350
140564
200316
60489
164668
54840
9716
23237
372
375
9138
64283
10865
51329
51008
10973
445
498
509
6310
342371
6311
11273
549
9530
580
11176
56647
144233
9774
80114
9790
66037
23246
672
55299
684
689
84811
114049
705
9689
10438
79169
148423
128061
708
150590
722
347744
84310
51759
83638
60686
58509
811
821
4076
65981
23589
833
22794
840
831
284119
8535
23466
57332
55749
57805
26093
388115
57003
29080
79080
115098
339230
904
905
7203
10575
22948
908
988
51362
23580
1000
1025
984
8621
1029
55602
10153
10658
10659
11189
56853
60680
60677
29105
255101
118487
1106
1107
10523
26097
1153
493856
10970
1198
1207
1213
23277
84319
7555
23019
4850
57472
29883
9337
1267
388753
8161
7373
11151
64506
132864
22849
80315
8895
29894
53981
51692
10898
642843
11052
79869
1399
51340
1429
1431
27254
7812
1454
1465
1476
1477
1478
23283
1479
9811
1495
90353
348180
51503
57703
23191
26999
55152
7818
1615
55157
1617
57055
57054
57135
26528
1618
51163
25879
117159
1634
55802
196513
167227
28960
1653
1654
8653
54514
1655
1656
1662
1663
100302090
440081
10521
8886
55308
11269
11218
9188
9416
57062
29118
55661
55794
64794
10212
7919
51428
11325
55510
9879
51202
54555
79009
317781
11056
168400
79039
57696
54606
83479
55601
91351
7913
8562
54487
1719
200895
573971
1659
1660
1665
8449
54505
22907
55760
56919
9704
60625
170506
57647
9785
79665
90957
79132
1729
23405
11083
27292
22894
115752
129563
1736
1746
29958
1763
27000
55192
134218
373863
1759
1786
30836
340168
165545
1819
29102
1832
92675
112487
54920
56931
8446
11072
1854
1797
1778
51143
9666
124454
10969
80153
8721
1915
1938
60678
9343
10209
84285
1964
9086
10289
83939
5610
440275
1939
1965
8894
1968
255308
8661
8662
8663
728689
8664
3646
8666
8667
8668
27335
51386
1973
1974
9775
1975
1977
253314
9470
317649
56478
1981
1982
8672
7458
1983
1984
56648
143244
9669
60528
57535
1994
1993
1995
1996
8518
55140
23587
10436
8909
284131
2023
55068
10495
2033
83481
2058
26284
2079
90459
79033
51575
54845
80004
2107
2130
161829
51013
23404
51010
54512
56915
118460
23016
11340
5393
5394
2138
2146
7430
26017
9130
25940
283742
23196
54954
257415
83989
131909
10667
2193
10056
2194
10922
79675
22868
79072
60493
2197
2091
345630
57666
51077
2224
2235
81608
2287
2288
2317
114984
2332
22862
64778
2483
6624
117246
8880
8939
2521
8087
9513
84248
10146
9908
23193
54433
60674
10985
2665
25929
85476
26058
10539
29889
26354
54552
2804
2806
55094
54865
23131
65056
60313
27238
2885
2886
2896
2926
83743
2935
23708
2961
2962
2971
9567
23560
85865
121355
3005
3006
3007
3008
3009
8971
8359
8366
8364
8360
8367
8361
8365
8294
8363
8362
8368
8370
554313
22927
3032
23438
26959
3066
3068
3069
55127
63897
9931
85441
113802
51191
10614
124790
3105
6596
3159
3146
3148
3149
3151
79366
10949
3178
642659
3181
220988
3182
3183
343069
440563
649330
101060301
3184
9987
3185
3187
3188
3189
3190
3191
92906
4670
10236
3192
11100
221092
3216
3028
3320
3326
7184
3303
3304
3312
3313
3315
3329
3336
27336
10075
100288805
3376
55699
200205
3428
64135
3434
439996
3433
24138
10642
10644
10643
3508
3608
3609
10989
55272
92856
3614
3615
3843
3658
3669
81875
57461
152789
23210
8629
3725
3735
10984
115207
23028
84678
80759
100129128
154288
22889
10657
202559
10656
23351
8570
10749
22944
58508
400506
3838
3837
65095
11103
3875
56267
54596
51110
23367
55132
113251
23185
55323
51574
81887
3930
3956
3958
79727
389421
103091866
100132147
388692
84298
9361
4035
10128
57470
55379
9208
27257
57819
27258
25804
11157
51690
51691
84967
134353
26065
149986
4048
55692
51631
51747
51213
55646
23499
4116
55110
84549
7873
51776
4134
22919
4137
9665
2011
4141
9782
4150
8932
4154
10150
55796
27349
10445
28985
100101490
4191
4193
4204
56257
10988
4234
56339
57721
79066
92312
84206
51320
399664
4236
440823
57409
406904
407046
406902
406903
406948
406949
406950
406952
406953
574033
406979
406980
406982
574032
406991
407004
407010
407012
407014
407015
407017
407018
407019
407020
407021
407024
407026
407029
407030
407031
407032
407033
407034
407035
407036
407039
693120
407040
407041
407042
407048
693235
407050
407053
407054
407055
407056
406892
406893
406895
100302238
406897
406899
406900
406901
406910
406911
406913
406914
406915
406917
406919
406920
406921
406922
442890
406924
406925
442891
406927
406928
406929
406931
406932
406933
406934
406935
406936
406937
406938
574447
406939
406940
442892
406941
406942
442893
406943
406944
406946
406947
406954
406955
406957
574457
406958
406959
406961
406962
406963
406964
406966
406967
406968
574455
406969
406971
406972
406975
406976
406978
406983
406984
406985
406986
406987
406988
406989
406990
100126336
406992
406994
406996
406997
406999
407000
407002
407006
407007
407008
407009
407022
100126296
407023
407027
100126318
407028
442895
442896
407037
442897
442900
442901
574408
442902
442904
442906
442907
442909
442910
442911
494323
574030
574031
100126355
442916
442917
442918
442919
100126317
494327
494328
494332
494333
574413
574434
693121
494335
494336
494337
554210
554212
554213
574411
619556
619552
574436
619554
664616
574441
574444
574449
574450
574452
574453
574456
574460
574501
574503
574506
574508
574511
574513
574514
574445
574516
574462
574479
574492
574488
574474
574477
574469
574480
574463
574467
574473
574476
574482
574461
574493
574475
100126335
693129
693130
100302288
693135
693137
693157
693158
693167
693173
693175
693198
693223
693224
693225
693229
723778
724024
724027
724029
724031
724033
100126315
100033819
100126333
768212
768215
768217
100126316
100126310
100126314
100126334
100126307
100126320
100126325
100126351
100302175
100187716
100302142
100302203
100302214
100302153
100302263
100423036
100422981
100500828
100500905
100500826
100616438
100616126
100847054
102466519
102465524
406881
406884
406885
406887
406888
406890
406891
4288
23608
23609
7681
23515
4343
54456
10200
10199
79922
55178
65008
51069
11222
51073
65005
124995
65003
6182
28998
64928
29088
54948
29074
55052
219927
29093
6150
79590
51264
10573
64983
51253
54148
64976
64975
28977
84545
65080
84311
116541
64969
64968
51081
64965
64963
6183
63931
64960
51373
55168
51023
54460
51649
64951
64949
23107
28957
10884
10240
60488
51154
4440
124540
4478
4574
23255
92140
7978
130916
64779
4528
25821
55149
51250
23517
91574
10514
50804
4622
4627
4628
4644
399687
9683
80155
64859
92345
340719
339345
342977
4673
4676
55226
100132406
4686
22916
392517
55421
4691
57727
4731
283131
25920
51497
7936
9147
25983
51335
55651
84365
51388
79576
55922
22861
171389
204801
51068
4830
84273
26155
64318
79050
25819
8996
8715
65083
51406
55035
79707
79954
25926
79159
9221
64434
4841
4839
161424
55505
8602
51491
29997
10528
51602
51070
4857
4858
4869
10361
10360
1728
2908
190
10412
84081
54888
63899
387338
55695
155400
260294
221078
79730
84284
64710
4521
11163
440672
11164
283927
131870
84309
11051
26747
57532
11097
4928
51203
4931
10482
56001
728343
56000
55998
57523
4938
4939
4940
8638
441161
54726
148756
5034
5036
26986
80336
340529
645974
5042
8761
132430
140886
8106
390748
10605
51247
255967
10914
56903
64895
11315
5073
142
64761
219988
197135
5080
5093
5094
54039
57060
64881
56107
51585
55795
255738
11333
27250
22984
2923
9601
5037
553115
23089
27043
23481
5216
51808
84844
84295
5303
54984
9271
55124
440822
143689
5315
5586
11187
5339
25957
154197
5411
56902
87178
84271
10849
5430
5431
5436
5442
10940
10775
51367
10248
5449
5460
56342
10891
133522
51535
5478
5479
10450
9360
85313
51400
5501
5511
5514
5536
23082
63978
5052
5591
8575
79706
3276
9129
9128
8899
24148
10594
26121
84950
55119
55015
55660
25766
80742
7916
84726
23215
11168
5682
5687
5700
5710
55269
118672
5725
58155
9991
26024
79810
55037
5770
138428
22827
9698
23369
9933
5813
5814
29942
80324
83480
54517
83448
150962
126789
5822
84305
9444
23518
22864
10399
10635
55086
8480
22913
138046
83640
5901
5903
5905
5914
5917
57038
125950
55225
5930
5931
54715
23543
146713
5935
5936
83759
10181
10180
10179
9939
8241
54033
10137
389677
10432
64783
29890
84991
92400
9904
282996
55696
55147
221662
58517
64062
54439
55131
155435
23029
55544
9584
55285
79171
375287
129831
166863
54502
84060
5937
5939
27303
27316
51634
494115
27288
139804
5940
378948
378949
378950
159163
378951
11030
348093
149041
54542
11123
81554
55920
201299
5962
29803
57109
81691
23180
10247
22999
246243
10535
6041
8635
56254
9810
8731
55599
10921
6060
6066
26835
26834
100151683
26827
101954275
101954271
100151684
26824
101954273
6063
101954272
101954264
101954276
26864
101447996
101954266
101954267
101954269
101954277
6738
9475
6100
80135
84154
6103
6122
6123
6124
6125
6128
6129
6130
285855
6132
6133
6134
4736
6135
6136
6137
23521
9045
6138
6139
6141
6142
6143
6144
6146
200916
9349
6147
6152
6154
51121
6155
6157
6158
6159
6156
6160
6161
6164
11224
6165
25873
6173
6167
6168
6169
6170
6171
6175
220717
6184
11102
79897
54913
138716
10556
10557
10799
6187
6188
6189
6191
6192
140032
6193
6194
6201
6202
6203
6204
93144
6205
6206
6207
6208
6209
6210
6217
6218
6222
6223
91582
6224
6227
6228
6229
6230
6231
6232
6233
51065
6234
3921
113000
27079
285367
84881
6238
8568
23076
27341
23378
9136
23223
88745
23212
26156
65117
8634
51493
23168
57142
51637
6275
140576
6294
9667
23034
55095
25939
64092
10284
84324
6301
54938
9092
9733
51119
58506
57466
22828
9169
29106
163859
11196
10952
11231
79048
9728
280636
51091
26135
871
9739
23067
23064
7536
10291
8175
10946
23451
10992
23450
10262
83443
51639
6421
6433
55337
6470
6472
25942
51548
7884
6520
22950
9123
292
8402
91607
146857
81892
6590
79811
10569
4086
6597
6605
8243
23049
23381
23293
9887
6606
6607
10285
27044
284677
79753
11066
9410
6625
23020
6626
6627
6628
6629
6631
6632
6633
6634
6635
6636
6637
100130932
6638
6645
4809
10073
22938
9021
6651
8470
6657
6659
6662
65244
26010
23013
6688
51490
6711
10011
55133
140890
6722
153443
6726
6727
6728
6729
6730
6731
6732
6733
6734
10250
23524
222183
84530
51593
6426
6427
6428
6429
6430
6431
6432
10929
8683
10772
9295
135295
6741
6742
6749
6774
6780
27067
10963
11171
6812
10923
8802
57794
10147
7341
6613
6829
6830
11198
6832
6838
23512
25949
10492
23345
8867
8871
51204
105378616
8148
6894
6895
23435
6897
23272
6902
26608
10607
9238
10915
6942
6949
6950
81550
23424
122402
126668
11022
79736
64282
55603
54855
7011
26136
56157
56156
100129520
100132015
400629
7019
51106
64216
7037
54974
9984
57187
84321
8563
79228
80145
9967
55623
80745
25917
7072
7073
92609
7098
51284
51311
54106
7114
3842
27327
23112
57690
7145
114034
7150
7153
8940
7157
7165
7175
7178
29896
6434
10131
1787
6737
7706
10155
22954
81844
131405
7205
79002
55621
81627
27037
51605
57604
93587
158234
54931
60487
55687
54952
51095
142940
26995
10102
7247
7257
55720
7263
10376
10383
7284
64852
23318
79670
11344
7295
7298
129450
7307
199746
11338
23350
7317
55833
9898
7316
7329
7332
7334
63893
56061
51366
7343
51377
127933
25972
85451
5976
26019
65110
65109
9875
8615
9100
391622
728369
57602
57050
84916
55813
51118
10813
84135
51096
27340
84294
27042
7415
7431
25962
391123
11193
51729
10885
11180
55339
134430
23160
9277
84128
285962
55135
7490
165904
7514
57510
11260
7520
2547
54464
22803
8565
51067
4904
51087
8531
56252
79693
91746
64848
54915
51441
253943
7531
7532
7534
7528
326340
646799
9889
81030
23211
376940
29066
23264
84524
84872
9877
80149
340554
85463
340152
23091
79882
55854
124245
56829
85364
84186
55596
84240
389874
51538
219654
85437
7538
677
678
51663
23217
64393
7625
64397
7756
284695
23567
25946
163033
90850
90441
27332
79724
57169
9406
8233
7310
7791
